((alemtuzumab) OR campath) AND ("1900/01/01"[Date - Publication] : "2001/07/31"[Date - Publication]) 

20301287 (remove since publication data was updated to 2006)
16160950
12171730
12171729
12171727
12171726
12171725
12171723
12171722
12171721
12171720
12171714
12113137
12113127
12042050
11962789
11899778
11879313
11847424
11778765
11722986
11722982
11585011
11583062
11527007
11510560
11477365
11461662
11449871
11449628
11441256
11438820
11420384
11418459
11377483
11375079
11360116
11342359
11298593
11296131
11277178
11268323
11257744
11249458
11219009
11160771
11158184
11149212
11147488
11128816
11122838
11085457
11045999
11040273
11037855
11035276
11022631
11013436
11001893
10960874
10950363
10918407
10907481
10894353
10891435
10889906
10877047
10845940
10848438
10798754
10798751
10792280
10773997
10761013
10752996
10744652
10723585
10713664
21337085
10611109
10589966
10573085
10568572
10565991
10561025
10561018
10528911
10524207
10520035
10498590
10498594
10489036
10482259
10477459
10444204
10417050
10417047
10390197
10366506
10350345
10335520
10329437
10211898
10092828
10071037
10050661
9866817
9845524
9838682
9834254
9824507
9811544
9809379
9779699
9777606
9747629
9737590
9734890
9712499
9707017
9668276
9630324
9630323
9593475
9531622
9578307
9509982
9502298
9482528
9471061
9464849
9367397
9337063
9337053
9291477
9235735
9228156
9215839
9204983
9188478
9207420
9195505
9250818
9163593
9126378
9193354
9148769
9054677
9054672
9051241
9020367
8981930
9137963
9049965
8973608
8899185
8790160
8784367
8864469
8864449
9345418
8844262
8756101
8690051
8782148
8690449
8733715
8733704
8707338
8611731
8611450
8738190
8722340
8704678
8671618
8620297
8624684
9238651
8562410
8546734
8618827
9373346
8750280
8720080
8643100
7491698
8654681
8534657
7488279
7579421
22358555
8991975
7572995
7575719
7575711
7632956
9358610
7622867
7662637
7557898
7762066
7655382
7890742
7762819
7734348
7599563
7773229
7531440
7530212
22358746
8543073
7718516
7711666
7584499
7858503
7914262
7920312
8054913
8027367
8019459
7997943
7922004
8260716
8405234
8405223
8241978
8366859
7688956
7687895
8217808
8477804
8096935
8324942
7685389
8094189
8448560
8448531
8124250
1384718
1391938
1356177
1635559
1390211
1352921
1600413
1581219
1543952
1504665
1438436
1339322
1787497
1908152
1799264
1711975
1903536
2070132
1985691
27464246
2043872
1998598
1878698
1675214
1367214
2238056
2104246
2338131
2323363
2328322
2337682
2346286
2184907
2180151
2165283
2138367
27463993
27456733
2308978
1713884
2692692
2790337
2667209
2671531
2660360
2786388
2713487
2661437
2910352
2784335
2562939
2480280
2472335
2904526
3067007
2973413
3263310
3291930
3048491
3048490
3282358
2452479
3043753
3278419
3257510
3260131
3122385
3061978
3332190
3655386
3609184
3623632
2953090
3548798
3545877
2879121
3501389
3500899
3331647
3304736
2878268
2878219
3492041
3543275
3539172
3538379
3096200
3531347
3529531
3096824
3332120
3528046
3513818
2867383
3540463
3909387
3909385
3890929
3901694
3901693
6147548
6438435
6349718
