((("sunitinib"[Supplementary Concept] OR "sunitinib"[All Fields]) AND ("2006/01/26"[PDAT] : "2007/01/26"[PDAT])) AND review[Publication Type]) AND english[Language]

17692027
17627159
17607922
17547470
17537667
17520585
17419949
17419150
17402790
17348846
17263126
17255307
17255305
17239287
17239282
17239281
17239280
17208434
17206887
17189392
17181490
17181489
17158546
17139319
17139244
17135925
17103252
17092282
17074668
17064223
17045086
17032555
17026800
16974118
16939387
16905978
16880234
16860997
16859575
16858179
16850127
16845442
16772838
16672131
16640800
16634693
16608985
16507216
16465192
16418310
