25905300
21370509
18393778
17137406
16925154
16925136
16640800
16636723
16608985
16520665
16507216
16484851
16465522
16465192
16447713
16425993
16425985
16418310
16411252
16395422
16377414
16330672
16330665
16314617
16314613
16258596
16185167
16163253
16159417
16115922
16107239
16103482
16046538
16042715
16019210
15992698
15940222
15905816
15717945
15648955
15609077
15557593
15476593
15459012
15339961
15304385
15158768
15158764
15000426
14985702
14753710
14713109
14654525
14650952
14585225
14578466
14567797
12966161
12873999
12748309
12646019
12538485
12531805
