# ((Campath-1H) AND alemtuzumab) AND ("1900/01/01"[Date - Publication] : "2001/07/31"[Date - Publication]) 

20301287
12171730
12171729
12171727
12171726
12171725
12171723
12171722
12171721
12171720
12171714
12113137
12113127
12042050
11962789
11899778
11899633
11879313
11778765
11760553
11585011
11583062
11527007
11477365
11449871
11449628
11418459
11377483
11375079
11342359
11298593
11249458
11219009
11158184
11149212
11147488
11085457
11045999
11040273
11035276
11013436
11001893
10960874
10950363
10918407
10907481
10848438
10792280
10773997
10744652
10713664
10611109
10589966
10573085
10568572
10565991
10561018
10520035
10489036
10482259
10444204
10417047
10390197
10366506
10092828
10050661
9866817
9845524
9838682
9811544
9779699
9777606
9734890
9707017
9593475
9578307
9509982
9464849
9337063
9337053
9235735
9228156
9215839
9207420
9195505
9163593
9126378
9193354
9148769
9054672
9020367
8981930
9049965
8973608
8899185
9345418
8844262
8756101
8782148
8690449
8733704
8738190
8671618
8620297
8624684
9238651
8546734
8618827
8750280
8720080
8643100
8654681
7488279
8991975
9358610
7662637
7655382
7530212
7584499
7858503
7920312
8054913
8019459
8405234
8405223
1600413
1339322 
8652811

# Add Cheson 1996 (8652811).
