26302785
25618624
25580271
25520773
25496333
25378934
25268988
25145426
25092761
25002597
24970311
24958960
24953238
24933332
24930625
24916147
24881691
24858418
24846335
24810646
24806575
24797897
26674336
24744582
24706672
24674871
24665840
24605771
24597359
24577887
24577874
24330856
24327713
24304282
24300880
24284914
24283847
24277700
24094768
24094766
24088738
24048758
23807861
23803182
23797131
23727858
23718298
23647293
23622716
23461471
23482847
24640739
23254906
22853980
22807624
22754305
22481432
22363115
21827946
21815704
21752724
21406195
21222245
21051951
20664824
20624120
20048182
19933083
19754219
19513949
