((("ramucirumab"[Supplementary Concept] OR "ramucirumab"[All Fields]) AND ("2014/04/21"[PDAT] : "2015/04/21"[PDAT])) AND review[Publication Type]) AND english[Language]

26576187
26508880
26451083
26422782
26413377
26359224
26251608
26190526
26108356
26098435
26045669
25993153
25949870
25914779
25881479
25855060
25800976
25706252
25602682
25580271
25568876
25538401
25514409
25484055
25483267
25472913
25431958
25378934
25373315
25369306
25320655
25320512
25320502
25281695
25268988
25260318
25197781
25167943
25142842
25047778
25018016
24993497
24970311
24953238
24916147
24881691
24858418
24810646
24806575
26674336
24665840
